%YAML:1.0
Camera Count: 2
Point Count: 22
Rotations:
   - !!opencv-matrix
      rows: 3
      cols: 3
      dt: d
      data: [ 1., 0., 0., 0., 1., 0., 0., 0., 1. ]
   - !!opencv-matrix
      rows: 3
      cols: 3
      dt: d
      data: [ 2.3669603910677484e-01, 7.1148321616025634e-02,
          9.6897518100433622e-01, 8.9804090803632819e-01,
          3.6460593534243618e-01, -2.4614028399746948e-01,
          -3.7080657028220548e-01, 9.2843978170061670e-01,
          2.2406677381059281e-02 ]
Motions:
   - !!opencv-matrix
      rows: 3
      cols: 1
      dt: d
      data: [ 0., 0., 0. ]
   - !!opencv-matrix
      rows: 3
      cols: 1
      dt: d
      data: [ -7.3267680194593743e-01, 2.4763335921920801e-01,
          6.3392619703880682e-01 ]
Points:
   - [ -2.4450178444385529e-01, -8.5021495819091797e-02,
       4.6983900666236877e-01 ]
   - [ -2.2833840548992157e-01, -1.2522740662097931e-01,
       5.6019330024719238e-01 ]
   - [ -2.2898544371128082e-01, -1.5739367902278900e-01,
       5.8592200279235840e-01 ]
   - [ -2.2862575948238373e-01, -1.6036416590213776e-01,
       5.8828806877136230e-01 ]
   - [ -2.4204146862030029e-01, -1.4117869734764099e-01,
       5.5214822292327881e-01 ]
   - [ -2.3745462298393250e-01, -1.3749344646930695e-01,
       5.5616992712020874e-01 ]
   - [ -2.2716026008129120e-01, -1.6776567697525024e-01,
       5.9552985429763794e-01 ]
   - [ -2.2900065779685974e-01, -1.5393096208572388e-01,
       5.8327925205230713e-01 ]
   - [ -2.4163816869258881e-01, -1.5002435445785522e-01,
       5.5992758274078369e-01 ]
   - [ -1.8090172111988068e-01, -1.1308199167251587e-01,
       6.2668043375015259e-01 ]
   - [ -2.2730907797813416e-01, -1.5503022074699402e-01,
       5.8669364452362061e-01 ]
   - [ -2.2897794842720032e-01, -1.5383526682853699e-01,
       5.8316886425018311e-01 ]
   - [ -2.4454188346862793e-01, -8.5154138505458832e-02,
       4.6997037529945374e-01 ]
   - [ -2.2625182569026947e-01, -1.6483524441719055e-01,
       5.9512519836425781e-01 ]
   - [ -2.4624887108802795e-01, -1.4442509412765503e-01,
       5.4803436994552612e-01 ]
   - [ -2.4410222470760345e-01, -1.3695916533470154e-01,
       5.4484158754348755e-01 ]
   - [ -2.4259462952613831e-01, -1.5218405425548553e-01,
       5.5995547771453857e-01 ]
   - [ -2.4453827738761902e-01, -8.5261106491088867e-02,
       4.6997904777526855e-01 ]
   - [ -2.3193618655204773e-01, -1.6130490601062775e-01,
       5.8401882648468018e-01 ]
   - [ -2.2290670871734619e-01, -1.5176711976528168e-01,
       5.9140855073928833e-01 ]
   - [ -2.2529728710651398e-01, -1.5606330335140228e-01,
       5.9087586402893066e-01 ]
   - [ -1.8125006556510925e-01, -1.1338682472705841e-01,
       6.2637221813201904e-01 ]
Colors:
   - [ 132, 133, 129 ]
   - [ 17, 29, 53 ]
   - [ 34, 44, 68 ]
   - [ 13, 33, 44 ]
   - [ 35, 47, 65 ]
   - [ 24, 53, 74 ]
   - [ 33, 64, 73 ]
   - [ 23, 40, 59 ]
   - [ 9, 26, 45 ]
   - [ 120, 125, 124 ]
   - [ 22, 38, 55 ]
   - [ 52, 67, 83 ]
   - [ 141, 142, 138 ]
   - [ 38, 46, 99 ]
   - [ 18, 37, 58 ]
   - [ 24, 56, 62 ]
   - [ 42, 61, 94 ]
   - [ 252, 253, 251 ]
   - [ 44, 60, 77 ]
   - [ 27, 52, 54 ]
   - [ 26, 38, 66 ]
   - [ 101, 107, 106 ]
